         211   12.886743831407850     
         212   8.8132871243093422     
         213   6.7850276229262665     
         214   5.3637907825287892     
         215   5.4019981823340508     
         216   4.8618317035505809     
         217   4.2157713565548125     
         218   3.9113871579250374     
         219   3.6006466323079569     
         220   4.7928210049494302     
         221  0.65249613721673994     
         222  0.66180873649090544     
         223  0.85649552783696259     
         224  0.64580971023270828     
         225  0.45858956701970249     
         226  0.66971254803389468     
         227  0.68853283216492067     
         228  0.53362425826632842     
         229  0.54100534133078493     
         230  0.59569724899326826     
         231  0.57700773599865718     
         232  0.60595037096940862     
         233  0.58065513881213082     
         234  0.49592576473921385     
         235  0.64319775350434327     
         236  0.73360048443659154     
         237  0.53907634018175210     
         238  0.52384004212793067     
         239  0.83699133817762994     
         240  0.80681600917351837     
         241  0.48081547476740161     
         242  0.74597180071689284     
         243  0.97467941573741634     
         244  0.77528979911083051     
         245  0.64998014685373584     
         246   1.1581251913898787     
         247   1.1898129421848613     
         248   1.1826156799123970     
         249   1.1493269149027929     
         250   1.9455097102858059     
         251   2.7217759929275704     
         252   2.9758898503079512     
         253   3.4017508494853681     
